nuevo_registro = pd.DataFrame({
    'Duracion': [0.000006], 'V1': [0.452345], 'V2': [0.564789], 'V3': [0.123456], 'V4': [0.654321],
    'V5': [0.987654], 'V6': [0.345678], 'V7': [0.234567], 'V8': [0.876543], 'V9': [0.456789],
    'V10': [0.567890], 'V11': [0.678901], 'V12': [0.789012], 'V13': [0.890123], 'V14': [0.901234],
    'V15': [0.012345], 'V16': [0.543210], 'V17': [0.432109], 'V18': [0.321098], 'V19': [0.210987],
    'V20': [0.109876], 'V21': [0.098765], 'V22': [0.887654], 'V23': [0.776543], 'V24': [0.665432],
    'V25': [0.554321],     'V26': [0.443210], 'V27': [0.332109], 'V28': [0.221098], 'Monto': [0.110987]
}, index=[0])